42.333333333333336
73.0
46.333333333333336
80.66666666666667
48.666666666666664
52.666666666666664
58.666666666666664
55.333333333333336
49.0
55.333333333333336
64.66666666666667
73.0
53.666666666666664
43.0
57.0
45.333333333333336
64.33333333333333
68.33333333333333
49.0
71.0
69.0
94.66666666666667
62.666666666666664
48.666666666666664
37.666666666666664
71.66666666666667
26.666666666666668
62.0
48.0
69.66666666666667
65.66666666666667
70.33333333333333
78.66666666666667
67.0
43.333333333333336
48.0
64.33333333333333
71.66666666666667
57.666666666666664
57.333333333333336
53.333333333333336
49.666666666666664
65.33333333333333
82.66666666666667
66.0
66.33333333333333
56.333333333333336
40.0
54.0
51.0
70.33333333333333
54.666666666666664
45.0
65.66666666666667
74.66666666666667
84.66666666666667
51.666666666666664
52.333333333333336
59.0
82.66666666666667
50.0
46.333333333333336
79.66666666666667
47.333333333333336
43.0
80.66666666666667
39.0
72.0
61.666666666666664
87.33333333333333
67.33333333333333
52.333333333333336
64.66666666666667
86.66666666666667
62.666666666666664
49.666666666666664
46.0
65.0
44.333333333333336
72.33333333333333
56.333333333333336
67.0
35.666666666666664
71.33333333333333
60.666666666666664
63.0
44.0
47.333333333333336
78.0
51.333333333333336
64.66666666666667
71.66666666666667
57.0
55.0
61.666666666666664
77.0
52.666666666666664
55.0
67.0
56.0
81.0
68.66666666666667
79.66666666666667
66.33333333333333
66.0
82.0
61.333333333333336
71.0
49.333333333333336
46.0
78.33333333333333
79.66666666666667
66.0
73.33333333333333
40.0
66.33333333333333
41.333333333333336
50.333333333333336
47.333333333333336
64.0
44.333333333333336
45.666666666666664
78.66666666666667
64.0
59.0
58.0
81.66666666666667
73.66666666666667
54.666666666666664
59.0
55.666666666666664
57.0
55.333333333333336
59.666666666666664
83.33333333333333
60.333333333333336
62.0
50.333333333333336
56.0
71.0
77.33333333333333
67.0
74.0
66.0
67.33333333333333
47.333333333333336
47.0
53.333333333333336
59.666666666666664
61.04026845637584 60.7248322147651 60.81208053691275